free_thresh: 0.196
image: playground.pgm
negate: 0
occupied_thresh: 0.65
origin: [-7.8999999999999915, -6.8999999999999915, 0.0]
resolution: 0.05
